168132256
15634924924
10798765572
6465497108
8497487776
3926228616
5841225084
14489753092
8567891988
16198229920
3623714464
12279481724
11012084740
5056210964
7290527648
11962515080
4900386172
12270966276
7975490580
7286382504
4064936104
5061871100
14845469252
6763620372
4390559832
843955872
11329682048
13503243780
6448426984
8820016032
3926084976
15607902844
11268180472
9745147604
8421975252
13030804624
12195597488
5430893420
4554991924
8765777096
13585710956
700075152
14752945360
12107827508
9819094964
3594376036
11171857788
5648096400
10277904404
16210779956
11974053536
16412897644
2602871044
5056467976
8360120480
1225421192
1571996348
10929034820
7434719460
5273136984
4149064412
766917056
14971119112
12140717848
11895233384
4680695136
1405465420
14505948404
7454336712
14130004884
3842124944
12117996272
5840628588
4908078288
9756811464
13652082832
12273979024
14179359596
5057342452
9821174856
13103447900
1504902528
14145873080
10547945256
11985953708
5195993452
1505102460
5036587472
10697878484
13105908500
3577527888
15629206336
2418359484
5449503432
12659252132
13031084696
1443943036
2208626476
8579487444
17087187304
13275672728
1546275660
14501537388
7494163404
13052906312
4932359000
4970592832
13629330540
8329897944
9884049196
7327067472
5700449644
7057439228
6254777352
5314093780
16201711744
15692659376
1344600836
6556997620
8632754264
687010140
1762806400
11535833080
11028978664
1039347548
5201630044
2951433536
7057695928
10781412104
12847057188
16826844000
15406218092
6435375284
5617461192
4386479412
166886736
15618131244
2203375484
4317993000
8493543380
16811115180
1555516912
5899819008
10664823572
11903138856
402490216
5803476364
14501620980
7474227240
16274346292
3037036204
1343615532
7182752896
10680816872
8548941736
632979636
12206867836
11478235912
10444908564
17138884680
14125809288
1469250176
12269713156
8570066920
12654857120
12179640668
1555516028
11011422200
11730181076
8364084060
17033953904
12282448704
3160091756
6700424136
12709187628
5021270864
15414440460
5089520764
4535170280
4519788836
13048884404
15601089068
2203642632
10210781160
8493539544
14104759668
11218127504
10127423992
9389763572
8631709916
13589384820
11429136048
6163344632
10757331188
8745545892
16811684508
11336545980
5900014600
9676018932
16198311784
13031014580
12128399692
10798508808
10424919048
8497483848
13103365280
12150555264
14145820484
4541372648
8762785752
1241379484
11437213136
14149293576
9691242512
9854754152
13023166112
12224688460
10799100932
4926477320
5276226472
759005344
15640097404
13676394948
7561254612
14116900952
452849816
1504899720
14023595852
7326701288
8765284168
4927565980
1747580224
15772955400
10497250328
12835375944
13257752992
1469236032
14506466116
8570065624
9843686488
368480916
12114916736
11279857452
5043885096
981584680
16328061324
15671446380
11193013136
9705642956
2991427408
11995349848
5044894016
12144599612
7971591944
3000074284
13191983456
11478366764
2698716388
6630105068
5280025436
977879384
4937593408
7245335800
12122269400
12774972500
16491703472
16490804612
3503803244
5077148712
3063129288
13588852140
4899728528
14748490560
12269083956
9819092176
12118081836
1505182864
9946482896
10682128436
110275604
12175377060
15607872900
3492034944
8611638568
2995540008
705391916
4916953612
13684689648
11196750048
14184293524
4064973468
12275301552
3034310152
10278120756
3048246120
13114899808
15674981196
14145560048
10911033288
4469907348
3938676080
15715190256
2681391996
6470031380
12714058964
16814740108
1575685296
2678928388
8579410228
4118600488
398806820
15416750924
11280059568
10995341000
5276726452
3955585168
11342775484
5894575980
5412759604
16194297416
16290287276
1508181440
9997117696
10695221256
41001120
12163845792
15706225340
9934743556
5388591092
16140497064
168640884
12232033980
14020185336
9351241972
14133967964
5050908316
1504228736
7233860616
10564383784
961455016
16730913956
15664953980
14967837056
10782812116
4388224976
3941973104
11334251984
14488451068
6449845268
8687469532
13556428936
1659486832
7241529156
8344522964
12775443288
369443472
12195596864
11285301804
5077183432
985496680
4998921816
4899603852
14748489276
7826810920
4517494700
5150244524
699909500
4908897280
12628809748
13114716072
3031794312
4887018876
11353209092
8402984212
8551944224
4105322848
16481174028
14843042292
4543731944
4391250964
166908572
11330547072
5554624264
8612202792
9835842920
4966241132
12225825100
13683967120
9355676424
14184287540
3913122664
5803477356
5891762356
5177862920
7607341364
3048603488
12275741228
7184063668
6131324648
5327577012
11962462364
11401348476
5824329496
11858401300
16161299272
16289796748
1488327488
14287169284
7468262104
16147139368
3037576920
1483426668
15773283948
5254372300
1032770472
4916593488
15700636284
15777597564
6556788436
17140956196
17061559440
10059822348
6435435308
8570053672
4394697672
16474619044
11323263696
14232646544
9686703060
8632517592
168117072
15705000656
14154206844
6465543124
8765791268
13321798488
4977067308
2745953404
8349788200
8497627180
13224476332
5849496108
5916529792
10715375592
4542357416
368934260
11309610364
11280520696
8598557716
17087791060
16781046152
1444279792
5899801412
7493145616
11903151960
905609376
1508571456
13628861252
7474241288
8816599128
621146440
5030541952
13625726452
8335153128
9884688148
12158402908
1406533952
2426862008
10549764120
4072530004
16738860704
12181981696
6378813188
6700653544
11904304040
3947516764
12265343612
11263525944
9352305604
3041103148
4983263832
5062867308
7233664060
7840999180
5325539628
13199813984
15803485036
6993488116
6487860168
8498737300
4210409048
1447626416
2681484348
7491758324
12646896548
17011789464
5753127548
2622999304
10726888148
17003947176
16504930960
12211191228
9937881644
6682598708
7558356072
16807002468
12214142348
14484564464
9351211048
4383113236
11962814116
15735261696
3681282048
8612768744
4065173664
3926232692
11235769020
10194790584
10924369908
16198299820
5021482364
1541932604
7236822264
10693353716
17067070420
16190373524
12195312336
5643965720
10445666004
8624365472
16273190032
6041240956
12270185324
8344610836
8359867080
16475930276
12284577424
12095055364
6629906676
12662375336
726500028
12180798076
13679275528
8846026708
13109727336
13074333016
4997886604
14149207804
8398845160
14130851796
16990440628
12224642544
3030661512
9221973780
3049026248
13643885920
15688451728
14179711476
6615718132
9821909204
10112651932
1404097200
3553806104
10682144500
3000602408
13249065108
15643512172
11276661576
9714871052
973953864
13057486688
15637594944
10801057012
7560286920
9577084084
12263789272
4910331068
1407182380
8364434484
7557188456
4680412580
12220758860
11288381888
9549338568
8500950224
4010623344
16475878544
11264395516
5075852336
12638368860
13589168548
11101582720
6162992064
8849237048
14181182552
3955604644
12242648448
14484514240
10279476520
88101848
1303740772
15768814288
14145567184
8612750032
9855324244
3926232720
1504887424
2678598156
6268703464
3053220008
13241193180
670566076
11277252360
12136194292
17080048488
16421060244
12181500748
14241236504
8835339976
4405157800
14126067856
11312891260
12270430060
4316669972
8359873352
16274640800
16582572864
11201661444
6629906392
12657996968
726499664
1571306684
11531792108
8509173044
8477102164
16497081700
15433314944
5642063056
9371919608
16139870100
3925159060
9932486128
2673097480
10693387280
12645920968
12969454752
1572325008
13965716292
8581306608
9840599760
12201591452
1494629008
12085373704
10546620404
2995540072
16739122524
4900323852
11209798136
12268347628
7340860380
13191745204
11401362160
5919991304
10910488528
9843220712
17092227408
12118211260
10197985020
4908066788
4386310996
16864931160
4981590592
2670189048
10492013512
12705539292
5201284976
12309429424
2761955964
6701767988
12847051940
14147694948
12202935740
3545769424
8838686772
8359828308
1240628876
5719265856
2337593088
10656424664
12788510624
3612159664
12292935036
9936907820
5094791956
4404162792
4999447392
15720625852
14753279220
6465598708
4517712180
3926535324
4864733740
2678844232
10479228648
7348200152
16990437556
11406950032
14976037640
10794018800
11907125320
16823713140
12135875200
14492894968
9333627112
8689639380
13103190684
11323377008
2334185224
8612947988
12791123816
4966403744
5850401100
13684443652
8583949064
14184314016
12213665376
1508509116
12085705908
6251587620
7290540980
12175408804
15671349884
2418284816
10928281300
8364318632
977928336
12298896888
14761584236
6968891412
13118971976
16832705152
11323390592
11263534084
5379139560
4114647840
11957259640
4645567308
11066939896
10726680520
8363013332
13283700080
12301550768
2690132716
6898571316
12792852700
13611430540
1561659056
6163203072
11788101876
8745557800
3053063836
4997887308
13628860936
10479215640
14176919720
16453569696
12143950524
12090358148
4912601076
8365306576
12577833300
12182013584
14481161208
8848136436
8678875220
16832426652
12510710400
5894817288
10761853928
11899473256
4999910012
12245612876
13684450488
9353045768
4520827172
16861441376
4981261164
5891434996
8331961032
14047539860
884342416
12141856432
7058232076
5057585392
12846915496
16324542100
12202952060
10119292696
8838699012
4333589480
13588681600
11420303996
11527312900
7535370964
17066691880
168673008
12297128300
11335706156
5079059208
8497583080
4998923080
5841138300
11527268532
8567895764
17067036980
368934032
1425392172
2690586476
7494979816
8497839816
16742974100
12181698000
11212700424
9372193812
3045347432
16810377608
4946510348
11263273796
7957663980
7344783440
12125897372
11407981184
9946456584
11869640680
112263272
13334053244
15742077452
11338787576
8611638248
8496697436
5000286064
15509292672
7242239032
9371066600
1031746732
13589114520
5065161916
6163470856
12123614516
4517475560
5217025380
11437208764
11351101904
10749236276
5311463316
682983596
4954244592
6169049472
12127524884
8749076560
12196201344
11324277376
11019930372
5379183336
12660059168
146133660
12185193772
11335374600
8846526764
981294440
16295543564
5037015372
11195370672
12141451272
8359492660
3002716832
11234786604
2765558788
6697004332
5313584936
726478188
4962514252
13679275216
12127523848
14181363924
317931936
12144981680
2698435332
4911281396
982590544
3988073652
15670668672
14447557384
8632617256
88961224
16827237164
11470554768
14492878992
11835592948
8689724468
12247667356
703200556
3551016712
12639493420
7289494376
17012441452
4901569356
11620325840
12267266764
5179735124
306806424
4955178368
2698708524
6749923368
984784872
5146574764
15675012604
11355215360
10780091412
8551231392
3942346144
15406665084
14492879684
5081098516
16197592272
12514905952
16574577808
11263068340
5056191796
4114691508
11962499436
5871455540
3681032656
11802532132
2991420500
4156916588
5061870976
3159894160
12266547256
12709023796
2454568612
11127816716
6187328512
8830066920
4407483304
700583576
4870484604
13679258120
10490688724
13107405032
13254749328
4997844668
14506773356
6184266724
4542113496
16453570140
4984552592
12090358200
10477612340
4072427684
16445504876
1444595388
5648143824
12337797348
4407996308
390754972
12383354352
2690369032
8613256980
12784471400
13053358408
5843007820
10799006964
7491036940
5276413716
905588064
15781607744
7186409716
6487516952
12843393172
3942219104
5768608432
2681673204
7496292340
3050635156
4126310740
15702029808
6380907512
10928215056
11903656028
5280973192
1540835968
6171396676
6397381608
9889348696
352748380
5820450176
10739574968
10546522152
973930788
16201895588
15637809708
5639510288
11855244268
4404901024
12263800412
1762805180
9997116984
12102719524
4344286116
16475919020
11415452284
5648409600
9683556308
4407986984
168640848
15741762380
14556925564
4316702664
14133992532
13053361520
12216481152
2209076988
4910461992
981446548
13107035308
5044190704
5556213184
12141440784
9855286992
12196609376
12242318800
12093691380
6134469652
2996625300
11966132384
15670572400
3677173188
6631920660
2991381336
441139616
15648092992
10802152004
6629398216
9576754256
12252459216
11482774912
9995626092
6504262968
11852176200
16827116900
15442227904
14492829904
9345906392
14050047124
1225616528
5837026480
5555948140
5324626996
8762898136
16727228836
11437126800
11213478336
9691247664
12709557328
11982978212
12206867840
10128012672
10977585192
16147600344
700890764
1480127184
15289869824
9620657876
9559106472
621670544
15651375740
15777601100
6486256596
17140997704
16826863184
5768524224
11271415868
8570053656
12714004644
16474619040
12195579452
3495228164
6683580644
8364082136
734347932
12316003024
14752943624
9049234388
9821174888
13074334552
1508181388
14149217404
5179729960
16280420644
16738782884
15445899820
3156490624
9221973992
8414589096
758983796
12206655164
11528911352
8832211172
17067569364
14156206748
12208763536
1532552984
8836666608
16160754536
4998869140
12228823916
15822239560
9280695240
8543886152
16861957720
5854708544
11264403580
7492883144
894365860
17011409552
11401466556
3025419020
6500431092
8414056552
16823729332
12202787340
15029774152
8830081256
16197440456
13048906396
12128682704
14149020168
9351143636
8761999464
16324578960
15718484524
12266768940
4859898860
7286371496
4970090108
5061870780
11537430712
12132329508
5335052452
15339470500
11403850428
6187328640
10781431012
4338271144
720760988
1649259132
11535651592
10490688724
17069858632
5201685648
5887477056
13634355820
6419339288
9894044888
16474555040
12134792336
12085106948
4912819508
4068564000
12040961380
15403042060
10119077360
8847906856
16144478100
726303404
1504857584
6163262468
11696134932
8812470312
3071054432
15735273996
11478318324
4372309992
8542149428
682986612
15432201036
5095303672
10449102536
14185033940
13052066960
1408943792
5558825836
6253697268
9852494792
12980703900
12217436880
10739781896
10295204820
12785114472
13107036752
12282118476
14146152572
4540389384
14133661732
16273543812
12242186796
3545752580
5043951336
7286328096
3980177564
5045091180
11260475208
12132833228
5189196616
13259080048
11403457480
14509876972
6500423368
8769425500
5281001680
11312936576
6171404140
5914703080
8815401800
13022948504
4880925248
10932968200
10479411912
981051080
13232066200
5062196368
11285044012
7829708084
12796523752
15954735468
1595590076
11623929296
11788343348
8415272724
4126855820
12185105728
2623001872
8830800904
3045363488
163725704
4946655564
14149012292
6749708040
14130816088
851607904
1504120192
11355220196
6269200680
1035231252
3577581164
4937550336
2418489744
12127529960
4069314740
4076031836
1460728508
3033979704
12337583332
7324378276
16496898204
11396664628
3494635336
8780466468
8363543368
16286696236
15406021184
14291750064
8845797336
16147102772
189410640
5786905900
5961936620
6328101160
16278331604
16224440172
5782190768
5644159120
10564151216
16140612788
12167523444
12232471996
3492100600
9351246900
8364421332
16862067876
12198147760
2674652608
10995406068
2982978520
726577308
11403541200
15290066760
10795395028
12771887944
5012569168
1575303744
13687596796
7492872136
8815530972
5200251984
4880925424
5038684668
6184444112
9890328796
13232066192
12135679664
2695109420
4912601332
12796654752
14188708508
1444595132
12266564376
10712504356
2991399016
13253661612
11504077324
11280045568
10924383208
8497893160
978170460
1561852236
13687661816
10714373896
4520859940
16474866016
15618388844
2421680628
4372506312
8364261396
682978480
16476666496
6169041772
4552941544
9889346760
16832397660
1538933904
11263535352
9609140276
12646064220
4927640228
11138316928
5036578048
9923471336
8810552616
163917180
4992418124
14148971512
12630153224
14130704596
16453374596
12217288368
3500601604
6000746740
2998717216
12033265332
15675837260
14414588424
10926414792
16144634088
16815641432
1504768700
11271915132
8542000372
8421346604
13238055068
1424832876
2691249480
9653006092
5269019464
4928662880
15671276096
15776352756
7560279752
9622156436
452639888
11405690032
5970589548
7563405360
9839018696
14142279340
1483340496
9996396816
10698577872
11852128424
356073816
5778394812
14498601196
6328114148
14128921684
16492872564
12231832960
2422933688
9338655784
2995690532
16865210532
15655023916
5891421568
12002047016
4383869776
12252232868
11437013824
14290773952
11835594696
8629355472
11979239504
15710632656
10127685628
5388576724
8631671644
13053291856
4981261120
6503992044
8345592520
981349596
13254885008
15655810224
2695566860
7561262132
3133054952
13337722020
15670490620
14556272512
9705858068
4470251480
184188296
4968805840
14023120708
7276024848
9839030232
909721760
1479278032
13634050500
6269394196
8819995728
3308863840
15625549184
9934674420
5449700408
16140639316
11957096844
1393751428
3550925696
9619674152
3002707800
3842945188
11479435584
14972352448
10925103880
8683162456
709751624
5030427200
13687784692
7789914056
8815828788
4127374416
15618389356
3030447612
5983118344
7327237012
16252234912
15674772080
5832448772
6616230868
8631448784
12528549720
1765426576
14493079148
6734993460
11910983596
15939269284
12279811452
6252336256
9351162132
16194133792
12029611880
5683851596
11193026740
5307081736
8360129716
889355424
1572209852
6109058884
7434709044
4522455000
4149067436
697699824
11212108928
12625963796
12709184416
4105354848
15422829308
14843049396
5608847060
4391226292
163720336
11313760892
2337860460
6447942596
17083474120
16810955600
12284530320
11268183612
5094796276
12708285732
16810577532
5853809004
2673682616
10726910728
8410026148
16504946536
5737149116
1347949748
8581305588
4337196980
12209979548
4966385020
5642922824
12639545364
16148156488
17012756128
12247697024
14976542724
5056241896
8686313632
11962814100
15624321724
12271217432
9669158900
8360140960
14126579060
12158515900
12140468216
9917736932
7297642452
14148287860
15773339120
5826488056
10925091604
8627868636
16815849312
15714333392
5903156468
7535867604
8681611188
12250328208
4880971132
3555273580
6197027860
7297888968
16475581600
15672587920
12094282564
6634321136
12660077784
709721268
12198741136
14761526856
9049450544
9822248648
14148075428
12128728528
12269110288
9204343824
4064391072
3988090016
15517171068
11259877700
4549519124
3041752792
3947703648
5061625232
14484582116
6903093300
8686826196
851808940
11336529552
5986858112
10762335472
14188432168
671427764
12118196812
13684452104
9208275656
13111161032
16872787600
15618147984
14481152812
5446279408
11899843752
13031046836
12242275772
10798503688
9352562980
8497225640
13103305580
1564099964
14145823888
11805906964
14133517092
3053318792
1488192364
7052139524
5194949320
5327216424
3845963480
4963300684
14968239884
7630509064
4379825128
13269893512
1670574844
14505403204
6716184276
14138040408
4127633560
1248545408
11620382572
5176511464
12712528712
16730702684
16480078400
11209787448
8830823368
898481188
16269868888
4958911788
3545810492
6751837992
8359325604
15884005740
1571229052
6254945488
11730184980
16201566996
4149022568
5809965632
6381317364
6381333448
9748009140
12163632976
15347332796
1344325692
5038417140
16140547236
16794397876
12232035636
2670259016
9351244084
8410177736
16862068580
12309629584
11264582800
9922980852
3041690548
197508732
15664953980
5559035064
10795395028
4467153836
5281004624
4976870012
7245149932
8349557460
5332288476
17016131224
4947772016
3030857996
8365482192
12712726760
16491040408
1448669884
12093494060
8561857764
7291368672
16504746396
11375723964
9937930056
10926905380
4404088648
13057606540
4970711360
10802155008
12102691592
980659240
4127854432
15786130828
14842326260
7575907624
7612571828
12263714156
5700598460
3554085328
10675791860
8368731284
12163644764
5707003056
3496007672
11734553652
2995597276
17033675172
11493838192
2622163904
10928302868
12708920400
12252266312
5767542144
12143289524
8561632312
4065364900
365046956
5711444604
5911407552
9580652500
14126637272
927559024
12215324304
14702808812
4909460468
9890313436
13643714164
15364109488
2938628280
9207555120
12774678692
13651807396
11101469372
6160710016
9910409204
14114562264
167031132
1504856720
14149236728
10547944436
8761924436
16470282844
1756742464
2418291128
12644537032
2995575596
16982573712
11376182124
6252083756
6633345736
4391358568
16815665816
1666773644
14493148716
7253234920
16197585768
7315058836
12128696908
13499553608
9351145416
4500295512
16861457752
5012859200
14481361916
6187903768
11899991252
13232177000
1505100976
5917562036
7473506356
8770252724
4110728876
689589628
6377976960
12641880836
4388045728
3594179400
15625224828
9943110836
7521477332
4407987508
403095184
11309611372
2745755180
4318289672
8497236968
13053358432
12283677308
14020232436
4558138324
14134382356
12012322416
16515742016
5827791932
4927235848
37920676
16328260960
15715399036
3676642804
5388375060
8360075156
168657056
12309427696
5430127172
6629397520
9839497304
726446244
12233257600
15826756804
4910462184
960944984
1295875252
15684973120
14146148104
8633722584
14133477064
13572058256
10094835152
11535659852
6268687380
9627136712
12972765344
11407181456
10740380100
6486448372
982305624
720454300
4933743424
15830618888
12123674312
9629301864
5217366168
1743504652
11355551564
7828625452
5329947464
16491037356
15674767936
11019749648
10852456392
12659547176
686965072
12185224460
11535829884
4551563304
8547155036
13074318252
12329897216
2338049024
9372125480
3125001248
167068524
16049847692
14144506000
9725291816
4467153972
12263959916
4994876716
1407134160
12644538408
16147214996
4131226284
1495922320
6252083328
10623063280
16202518568
353190068
12134707852
14498335560
9333609704
4465835080
13640036508
11325977984
10991228680
9674204216
12774354760
13022969004
1572211008
10798756736
10715720456
981238736
12179586632
5037030096
11011372212
7829690324
2995536804
318370136
4900373116
5920200300
7975490260
14138138460
13191774872
1514796352
5919991340
6250255368
8769470568
12972605832
4836899340
14498126660
6183135208
14129538136
339430772
12231835008
11285289464
10412416808
12796536020
14180856164
12198804656
1529347536
8835554612
11866573588
11978568036
12225542976
5827446256
8810436552
8627785492
688697432
4994758976
5086196972
7267442456
9888521052
7349305696
12280173120
7057647828
5984532184
12847075348
229948624
12185023104
5555663660
5080589544
8762774472
16809884820
12351357648
14484296456
9691255508
9751834312
13056643796
12246797808
10799101452
5057567508
981392232
5050303304
5035848524
13676062964
7829690056
14183976996
318369936
12280136236
2698450764
4910785256
8500977480
5061787292
1447687488
13676853000
9639253000
8815268776
16743285152
11336335996
14971034436
6454301396
14051157080
682922716
1540881792
11537757964
5306866984
1031560040
7063634276
15703130956
13625256400
10781446856
13103816788
4210414232
1670777344
2681476876
8402299880
3050397544
7326580316
4947952972
11353388856
12270393352
8551943084
13199819680
12186176124
5919739396
4543728580
13064297504
166908760
5004657932
10923333180
6183135272
8493567268
16445558436
15514159468
2426915072
8852888328
8434328736
3925705576
5857017276
10189876468
7505960228
4383494452
4148851020
4864733740
3025389008
12104520936
8414080788
369459356
1472543040
2695375688
9635374872
12796383304
16773164384
5738463872
14434233332
7491264744
16198426772
4126834332
1540689584
2623002376
10692357108
3045306280
16190148468
15700852092
9934793272
10910457620
4404879532
13870727496
4984277692
6171454196
7807740916
14184308820
3591028316
1525484032
2431378616
10546539496
4072440740
16738766704
15406217852
6377707704
9919768532
4388254884
13074333016
1804780988
5559273084
7808800804
4467175388
13254431372
3811679332
11268527608
