4294967294
4294967293
4294967290
4294967285
4294967274
4294967253
4294967210
4294967125
4294966954
4294966613
4294965930
4294964564
4294961833
4294956371
4294945446
4294923596
4294879897
4294792499
4294617702
4294268108
4293568921
4292170547
4289373799
4283780302
4272593309
4250219323
4205471351
4115975406
3936983517
3578999739
2863032183
1431097071
2862194143
1429420991
2858841982
1422716668
2845433336
1395899376
2791798753
1288630211
2577260423
859553551
1719107102
3438214204
2581461113
867954930
1735909860
3471819721
2648672147
1002376999
2004753998
4009507996
3724048697
3153130099
2011292902
4022585804
3750204312
3205441328
2115915360
4231830720
4168694145
4042420995
3789874695
3284782094
2274596893
254226490
508452980
1016905960
2033811920
4067623841
3840280387
3385593478
2476219661
657472027
1314944055
2629888111
964808926
1929617852
3859235705
3423504115
2552040934
809114572
1618229144
3236458288
2177949281
60931267
121862534
243725068
487450136
974900273
1949800546
3899601093
3504234891
2713502487
1132037678
2264075356
233183416
466366832
932733664
1865467328
3730934656
3166902016
2038836736
4077673472
3860379649
3425792003
2556616711
818266126
1636532252
3273064505
2251161715
207356134
414712268
829424536
1658849072
3317698144
2340428993
385890691
771781383
1543562767
3087125535
1879283775
3758567550
3222167804
2149368312
3769329
7538659
15077318
30154637
60309274
120618549
241237098
482474197
964948395
1929896791
3859793582
3424619869
2554272442
813577589
1627155178
3254310357
2213653418
132339541
264679082
529358165
1058716330
2117432660
4234865320
4174763344
4054559393
3814151491
3333335686
2371704076
448440856
896881712
1793763425
3587526850
2880086404
1465205513
2930411026
1565854756
3131709512
1968451729
3936903458
3578839620
2862711944
1430456592
2860913185
1426859074
2853718148
1412469001
2824938002
1354908709
2709817419
1124667542
2249335085
203702874
407405748
814811497
1629622995
3259245990
2223524685
152082074
304164149
608328298
1216656596
2433313192
571659089
1143318179
2286636359
278305423
556610847
1113221694
2226443389
157919483
315838967
631677935
1263355871
2526711743
758456191
1516912382
3033824764
1772682232
3545364465
2795761634
1296555972
2593111944
891256592
1782513185
3565026371
2835085446
1375203597
2750407194
1205847093
2411694187
528421078
1056842156
2113684312
4227368625
4159769954
4024572613
3754177931
3213388566
2131809837
4263619675
4232272054
4169576812
4044186328
3793405360
3291843425
2288719555
282471815
564943630
1129887260
2259774520
224581744
449163488
898326976
1796653952
3593307905
2891648514
1488329732
2976659464
1658351633
3316703266
2338439236
381911177
763822355
1527644711
3055289422
1815611548
3631223097
2967478899
1639990502
3279981004
2264994712
235022129
470044258
940088517
1880177034
3760354069
3225740843
2156514390
18061484
36122968
72245936
144491872
288983745
577967491
1155934982
2311869965
328772635
657545270
1315090540
2630181081
965394866
1930789732
3861579465
3428191634
2561415973
827864650
1655729301
3311458603
2327949911
360932526
721865053
1443730107
2887460214
1479953132
2959906265
1624845235
3249690470
2204413645
113859995
227719990
455439980
910879961
1821759922
3643519845
2992072395
1689177495
3378354991
2461742687
628518079
1257036158
2514072317
733177338
1466354677
2932709354
1570451412
3140902824
1986838352
3973676704
3652386113
3009804930
1724642565
3449285131
2603602967
912238639
1824477279
3648954558
3002941820
1710916345
3421832690
2548698085
802428874
1604857749
3209715499
2124463703
4248927407
4202887518
4110807740
3926648184
3558329073
2821690851
1348414407
2696828814
1098690332
2197380664
99794032
199588065
399176131
798352263
1596704527
3193409055
2091850815
4183701631
4072435967
3849904639
3404841983
2514716671
734466047
1468932094
2937864188
1580761080
3161522160
2028077024
4056154048
3817340801
3339714306
2384461317
473955339
947910678
1895821356
3791642713
3288318131
2281668967
268370638
536741276
1073482553
2146965107
4293930215
4292893134
4290818972
4286670648
4278374001
4261780706
4228594117
4162220939
4029474583
3763981870
3232996445
2171025594
47083893
94167787
188335575
376671150
753342300
1506684601
3013369203
1731771111
3463542222
2632117149
969267002
1938534005
3877068011
3459168726
2623370156
951773017
1903546034
3807092068
3319216841
2343466387
391965479
783930959
1567861918
3135723836
1976480377
3952960754
3610954213
2926941131
1558914966
3117829932
1940692568
3881385136
3467802977
2640638659
986310022
1972620045
3945240090
3595512885
2896058474
1497149653
2994299306
1693631317
3387262634
2479557973
664148651
1328297303
2656594607
1018221918
2036443837
4072887674
3850808053
3406648811
2518330326
741693357
1483386714
2966773428
1638579560
3277159120
2259350944
223734592
447469184
894938369
1789876738
3579753477
2864539658
1434112021
2868224042
1441480789
2882961578
1470955861
2941911722
1588856149
3177712299
2060457302
4120914604
3946861912
3598756529
2902545763
1510124231
3020248462
1745529628
3491059257
2687151218
1079335140
2158670281
22373266
44746532
89493065
178986130
357972261
715944523
1431889047
2863778095
1432588894
2865177789
1435388283
2870776566
1446585837
2893171675
1491376054
2982752108
1670536920
3341073840
2387180385
479393474
958786949
1917573898
3835147797
3375328298
2455689301
616411306
1232822612
2465645225
636323154
1272646309
2545292618
795617940
1591235880
3182471760
2069976225
4139952451
3984937607
3674907919
3054848542
1814729789
3629459579
2963951863
1632936430
3265872861
2236778427
178589559
357179118
714358237
1428716474
2857432949
1419898603
2839797207
1384627119
2769254238
1243541180
2487082360
679197424
1358394848
2716789696
1138612097
2277224195
259481095
518962190
1037924381
2075848763
4151697526
4008427756
3721888216
3148809136
2002650977
4005301955
3715636614
3136305933
1977644570
3955289140
3615610985
2936254675
1577542054
3155084109
2015200922
4030401844
3765836393
3236705491
2178443686
61920077
123840155
247680310
495360621
990721243
1981442486
3962884973
3630802651
2966638006
1638308716
3276617433
2258267570
221567844
443135688
886271377
1772542754
3545085509
2795203722
1295440148
2590880297
886793298
1773586597
3547173194
2799379092
1303790889
2607581779
920196262
1840392525
3680785050
3066602804
1838238312
3676476625
3057985954
1821004613
3642009226
2989051157
1683135019
3366270038
2437572781
580178266
1160356532
2320713065
346458835
692917671
1385835342
2771670685
1248374075
2496748151
698529006
1397058013
2794116026
1293264757
2586529515
878091735
1756183470
3512366941
2729766586
1164565876
2329131752
363296209
726592418
1453184836
2906369672
1517772048
3035544096
1776120897
3552241795
2809516295
1324065294
2648130589
1001293883
2002587767
4005175534
3715383772
3135800248
1976633201
3953266403
3611565510
2928163725
1561360154
3122720308
1950473320
3900946640
3506925984
2718884672
1142802049
2285604099
276240903
552481807
1104963614
2209927229
124887162
249774324
499548648
999097296
1998194592
3996389184
3697811073
3100654850
1906342404
3812684809
3330402322
2365837348
436707401
873414803
1746829607
3493659214
2692351132
1089734968
2179469937
63972578
127945157
255890315
511780631
1023561262
2047122525
4094245051
3893522807
3492078319
2689189343
1083411391
2166822782
38678268
77356537
154713074
309426148
618852297
1237704594
2475409188
655851080
1311702161
2623404323
951841350
1903682700
3807365400
3319763504
2344559712
394152128
788304256
1576608512
3153217025
2011466755
4022933511
3750899727
3206832159
2118697022
4237394045
4179820795
4064674295
3834381295
3373795295
2452623294
610279292
1220558585
2441117171
587267047
1174534095
2349068191
403169087
806338174
1612676349
3225352699
2155738103
16508910
33017821
66035642
132071285
264142570
528285141
1056570282
2113140564
4226281128
4157594961
4020222626
3745477956
3195988617
2097009938
4194019876
4093072456
3891177617
3487387939
2679808583
1064649870
2129299741
4258599482
4222231668
4149496041
4004024787
3713082279
3131197263
1967427231
3934854463
3574741630
2854515964
1414064632
2828129265
1361291234
2722582468
1150197640
2300395280
305823264
611646529
1223293058
2446586117
598204938
1196409876
2392819752
490672209
981344419
1962688839
3925377678
3555788060
2816608825
1338250354
2676500708
1058034121
2116068243
4232136486
4169305677
4043644058
3792320821
3289674347
2284381399
273795503
547591007
1095182015
2190364031
85760767
171521535
343043070
686086140
1372172281
2744344563
1193721831
2387443663
479920031
959840062
1919680125
3839360251
3383753206
2472539116
650110937
1300221874
2600443748
905920200
1811840401
3623680803
2952394311
1609821327
3219642655
2144318014
4288636029
4282304762
4269642228
4244317160
4193667024
4092366753
3889766210
3484565125
2674162954
1053358612
2106717224
4213434448
4131901600
3968835904
3642704512
2990441728
1685916160
3371832321
2448697346
602427397
1204854795
2409709590
524451885
1048903771
2097807543
4195615086
4096262876
3897558456
3500149617
2705331939
1115696583
2231393167
167819038
335638077
671276154
1342552309
2685104618
1075241941
2150483882
6000468
12000937
24001874
48003749
96007499
192014998
384029996
768059993
1536119987
3072239975
1849512654
3699025309
3103083322
1911199349
3822398699
3349830102
2404692908
514418521
1028837042
2057674085
4115348171
3935729047
3576490798
2858014300
1421061304
2842122608
1389277921
2778555842
1262144388
2524288777
753610259
1507220518
3014441036
1733914777
3467829554
2640691812
986416329
1972832658
3945665317
3596363339
2897759382
1500551468
3001102937
1707238578
3414477156
2533987016
773006737
1546013474
3092026949
1889086603
3778173207
3261379119
2227790943
160614591
321229183
642458367
1284916735
2569833471
844699646
1689399293
3378798587
2462629878
630292460
1260584921
2521169843
747372391
1494744782
2989489564
1684011832
3368023665
2441080034
587192772
1174385544
2348771089
402574883
805149766
1610299533
3220599066
2146230837
4292461674
4289956053
4284944811
4274922327
4254877359
4214787422
4134607549
3974247803
3653528310
3012089324
1729211352
3458422705
2621878114
948788932
1897577865
3795155731
3295344167
2295721038
296474780
592949560
1185899120
2371798241
448629187
897258375
1794516751
3589033503
2883099710
1471232124
2942464249
1589961202
3179922405
2064877514
4129755028
3964542761
3634118226
2973269157
1651571019
3303142038
2311316780
327666264
655332528
1310665057
2621330114
947692933
1895385866
3790771733
3286576170
2278185045
261402794
522805588
1045611176
2091222352
4182444704
4069922112
3844876929
3394786563
2494605830
694244365
1388488730
2776977461
1258987626
2517975253
740983210
1481966420
2963932841
1632898387
3265796775
2236626255
178285215
356570431
713140862
1426281724
2852563448
1410159601
2820319202
1345671108
2691342216
1087717136
2175434272
55901248
111802497
223604995
447209991
894419983
1788839966
3577679933
2860392571
1425817846
2851635693
1408304090
2816608181
1338249067
2676498135
1058028975
2116057950
4232115901
4169264506
4043561717
3792156139
3289344982
2283722668
272478040
544956081
1089912162
2179824324
64681353
129362706
258725412
517450825
1034901650
2069803300
4139606601
3984245907
3673524518
3052081740
1809196185
3618392371
2941817447
1588667598
3177335196
2059703097
4119406194
3943845093
3592722890
2890478484
1485989673
2971979347
1648991399
3297982799
2300998303
307029310
614058621
1228117243
2456234487
617501678
1235003356
2470006712
645046128
1290092257
2580184515
865401735
1730803471
3461606943
2628246590
961525884
1923051768
3846103537
3397239779
2499512263
704057231
1408114462
2816228924
1337490552
2674981104
1054994913
2109989827
4219979654
4144992013
3995016730
3695066165
3095165034
1895362773
3790725546
3286483796
2278000296
261033296
522066593
1044133187
2088266374
4176532749
4058098202
3821229108
3347490921
2400014547
505061798
1010123596
2020247192
4040494384
3786021473
3277075651
2259184006
223400717
446801435
893602870
1787205741
3574411482
2853855668
1412744041
2825488082
1356008868
2712017736
1129068177
2258136355
221305415
442610831
885221662
1770443324
3540886649
2786806002
1278644709
2557289418
819611541
1639223082
3278446164
2261925033
228882771
457765543
915531087
1831062174
3662124349
3029281402
1763595509
3527191019
2759414743
1223862190
2447724380
600481464
1200962929
2401925859
508884422
1017768845
2035537691
4071075383
3847183470
3399399645
2503831995
712696694
1425393388
2850786776
1406606256
2813212513
1331457731
2662915463
1030863631
2061727263
4123454527
3951941758
3608916220
2922865144
1550762993
3101525986
1908084676
3816169352
3337371409
2379775522
464583748
929167497
1858334995
3716669990
3138372684
1981778072
3963556145
3632144995
2969322695
1643678095
3287356190
2279745084
264522872
529045745
1058091491
2116182983
4232365966
4169764637
4044561978
3794156661
3293346026
2291724756
288482217
576964435
1153928870
2307857740
320748184
641496368
1282992737
2565985474
837003652
1674007304
3348014609
2401061922
507156548
1014313096
2028626192
4057252385
3819537475
3344107654
2393248012
491528729
983057459
1966114918
3932229837
3569492379
2844017463
1393067630
2786135260
1277303224
2554606449
814245602
1628491205
3256982411
2218997527
143027759
286055518
572111037
1144222075
2288444150
281921005
563842010
1127684020
2255368040
215768784
431537569
863075138
1726150276
3452300552
2609633809
924300322
1848600645
3697201290
3099435284
1903903273
3807806546
3320645797
2346324299
397681302
795362604
1590725209
3181450418
2067933540
4135867081
3976766867
3658566438
3022165580
1749363864
3498727728
2702488160
1110009025
2220018051
145068806
290137612
580275225
1160550450
2321100901
347234506
694469012
1388938024
2777876049
1260784803
2521569607
748171918
1496343836
2992687672
1690408049
3380816099
2466664903
638362510
1276725020
2553450040
811932784
1623865569
3247731138
2200494980
106022665
212045330
424090661
848181322
1696362644
3392725289
2490483283
685999270
1371998541
2743997082
1193026869
2386053739
477140182
954280365
1908560731
3817121462
3339275629
2383583962
472200629
944401258
1888802516
3777605032
3260242769
2225518243
156069191
312138382
624276764
1248553529
2497107058
699246820
1398493640
2796987281
1299007266
2598014532
901061768
1802123537
3604247074
2913526852
1532086408
3064172817
1833378338
3666756677
3038546058
1782124821
3564249642
2833531988
1372096680
2744193361
1193419426
2386838853
478710411
957420823
1914841646
3829683293
3364399290
2433831284
572695273
1145390547
2290781095
286594894
573189789
1146379578
2292759156
290551017
581102034
1162204068
2324408137
353848979
707697958
1415395917
2830791834
1366616372
2733232745
1171498194
2342996388
391025481
782050963
1564101926
3128203852
1961440409
3922880819
3550794343
2806621391
1318275487
2636550974
978134653
1956269306
3912538612
3530109928
2765252560
1235537824
2471075648
647184000
1294368001
2588736003
882504710
1765009421
3530018842
2765070388
1235173481
2470346962
645726629
1291453259
2582906518
870845740
1741691481
3483382962
2671798629
1048629962
2097259924
4194519848
4094072400
3893177505
3491387714
2687808132
1080648969
2161297939
27628582
55257165
110514331
221028663
442057327
884114655
1768229310
3536458621
2777949947
1260932599
2521865199
748763102
1497526205
2995052411
1695137527
3390275055
2485582814
676198333
1352396666
2704793332
1114619368
2229238736
163510177
327020354
654040709
1308081418
2616162836
937358377
1874716754
3749433509
3203899723
2112832150
4225664301
4156361306
4017755316
3740543337
3186119379
2077271462
4154542924
4014118552
3733269809
3171572322
2048177349
4096354699
3897742103
3500516911
2706066526
1117165756
2234331513
173695730
347391460
694782921
1389565843
2779131687
1263296079
2526592159
758217023
1516434047
3032868094
1770768892
3541537785
2788108275
1281249255
2562498511
830029727
1660059454
3320118908
2345270521
395573747
791147495
1582294991
3164589983
2034212671
4068425343
3841883390
3388799485
2482631675
670296054
1340592109
2681184219
1067401143
2134802286
4269604572
4244241849
4193516402
4092065508
3889163721
3483360146
2671752996
1048538696
2097077393
4194154787
4093342279
3891717263
3488467230
2681967164
1068967033
2137934066
4275868133
4256768971
4218570647
4142173998
3989380701
3683794106
3072620917
1850274538
3700549077
3106130858
1917294421
3834588843
3374210390
2453453485
611939674
1223879349
2447758698
600550100
1201100200
2402200400
509433505
1018867010
2037734021
4075468042
3855968789
3416970283
2538973270
782979245
1565958491
3131916982
1968866669
3937733339
3580499383
2866031470
1437095645
2874191291
1453415287
2906830574
1518693852
3037387704
1779808113
3559616227
2824265158
1353563020
2707126041
1119284787
2238569575
182171855
364343711
728687423
1457374847
2914749695
1534532095
3069064190
1843161085
3686322171
3077677046
1860386796
3720773592
3146579889
1998192483
3996384967
3697802638
3100637981
1906308666
3812617332
3330267369
2365567443
436167590
872335180
1744670361
3489340723
2683714150
1072461005
2144922010
4289844021
4284720747
4274474198
4253981101
4212994907
4131022519
3967077742
3639188189
2983409083
1671850871
3343701742
2392436189
489905083
979810167
1959620334
3919240668
3543514041
2792060787
1289154279
2578308559
861649823
1723299647
3446599295
2598231294
901495292
1802990584
3605981169
2916995042
1539022788
3078045576
1861123856
3722247712
3149528129
2004088963
4008177926
3721388556
3147809816
2000652336
4001304673
3707642051
3120316807
1945666318
3891332637
3487697978
2680428661
1065890026
2131780052
4263560105
4232152915
4169338534
4043709773
3792452250
3289937204
2284907113
274846930
549693861
1099387723
2198775446
102583596
205167193
410334387
820668774
1641337548
3282675097
2270382898
245798501
491597002
983194005
1966388011
3932776022
3570584749
2846202202
1397437109
2794874218
1294781140
2589562281
884157267
1768314535
3536629071
2778290846
1261614397
2523228795
751490294
1502980589
3005961178
1716955061
3433910123
2572852950
850738604
1701477209
3402954418
2510941541
726915787
1453831575
2907663151
1520359006
3040718012
1786468728
3572937457
2850907619
1406847943
2813695886
1332424476
2664848952
1034730608
2069461217
4138922434
3982877572
3670787848
3046608401
1798249507
3596499015
2898030735
1501094174
3002188349
1709409402
3418818804
2542670312
790373329
1580746659
3161493319
2028019343
4056038687
3817110078
3339252860
2383538425
472109554
944219108
1888438216
3776876432
3258785569
2222603842
150240388
300480777
600961555
1201923111
2403846223
512725150
1025450300
2050900600
4101801201
3908635106
3522302916
2749638536
1204309776
2408619552
522271808
1044543617
2089087235
4178174470
4061381644
3827795993
3360624691
2426282087
557596878
1115193756
2230387513
165807730
331615461
663230922
1326461844
2652923689
1010880083
2021760166
4043520332
3792073368
3289179440
2283391585
271815874
543631749
1087263499
2174526998
54086700
108173401
216346803
432693607
865387215
1730774431
3461548863
2628130431
961293567
1922587134
3845174269
3395381243
2495795190
696623084
1393246169
2786492339
1278017383
2556034767
817102239
1634204478
3268408957
2241850618
188733940
377467880
754935760
1509871521
3019743043
1744518791
3489037583
2683107870
1071248445
2142496890
4284993781
4275020267
4255073239
4215179183
4135391070
3975814845
3656662394
3018357493
1741747690
3483495380
2672023464
1049079632
2098159265
4196318531
4097669766
3900372236
3505777177
2716587059
1138206823
2276413646
257859997
515719995
1031439991
2062879982
4125759964
3956552632
3618137968
2941308641
1587649987
3175299975
2055632654
4111265308
3927563321
3560159346
2825351396
1355735497
2711470994
1127974693
2255949387
216931479
433862958
867725916
1735451832
3470903664
2646840032
998712769
1997425538
3994851077
3694734858
3094502421
1894037547
3788075094
3281182892
2267398488
239829681
479659363
959318726
1918637452
3837274904
3379582512
2464197729
633428163
1266856327
2533712654
772458013
1544916026
3089832052
1884696809
3769393618
3243819940
2192672584
90377872
180755745
361511490
723022980
1446045961
2892091922
1489216549
2978433099
1661898902
3323797805
2352628315
410289334
820578669
1641157339
3282314678
2269662061
244356826
488713653
977427306
1954854612
3909709224
3524451153
2753935011
1212902727
2425805455
556643614
1113287229
2226574458
158181620
316363240
632726480
1265452960
2530905920
766844544
1533689089
3067378179
1839789062
3679578124
3064188952
1833410609
3666821218
3038675140
1782382985
3564765970
2834564644
1374161992
2748323984
1201680673
2403361346
511755397
1023510794
2047021588
4094043177
3893119058
3491270820
2687574344
1080181393
2160362786
25758276
51516552
103033105
206066211
412132423
824264846
1648529692
3297059385
2299151475
303335655
606671311
1213342623
2426685246
558403196
1116806393
2233612787
172258278
344516556
689033113
1378066226
2756132452
1217297608
2434595216
574223137
1148446275
2296892551
298817807
597635615
1195271231
2390542463
486117630
972235260
1944470520
3888941041
3482914786
2670862277
1046757259
2093514518
4187029036
4079090777
3863214258
3431461220
2567955144
840942993
1681885986
3363771973
2432576650
570186004
1140372008
2280744017
266520739
533041479
1066082959
2132165919
4264331839
4233696383
4172425470
4049883644
3804799992
3314632688
2334298081
373628867
747257734
1494515469
2989030939
1683094583
3366189167
2437411039
579854782
1159709564
2319419129
343870963
687741926
1375483852
2750967704
1206968112
2413936224
532905152
1065810305
2131620611
4263241222
4231515149
4168063002
4041158708
3787350120
3279732944
2264498592
234029889
468059779
936119558
1872239117
3744478234
3193989173
2093011050
4186022101
4077076907
3859186519
3423405743
2551844190
808721084
1617442168
3234884336
2174801376
54635456
109270912
218541825
437083650
874167301
1748334602
3496669205
2698371115
1101774934
2203549869
112132442
224264884
448529768
897059537
1794119075
3588238151
2881509007
1468050719
2936101439
1577235582
3154471164
2013975033
4027950066
3760932836
3226898377
2158829458
22691620
45383241
90766482
181532965
363065931
726131863
1452263726
2904527453
1514087610
3028175220
1761383145
3522766290
2750565285
1206163274
